4 
62
[174, 183, 28, 132, 130, 203, 154, 135, 188, 52, 20, 114, 65, 209, 179, 197, 156, 55, 95, 81, 207, 93, 76, 152, 128, 143, 198, 187, 111, 72, 39, 23, 248, 219, 144, 121, 30, 53, 185, 80, 148, 218, 214, 113, 212, 227, 191, 211, 168, 69, 136, 21, 193, 4, 126, 236, 151, 46, 124, 36, 101, 86, 125, 147, 167, 172, 19, 166, 77, 134, 177, 181, 159, 244, 59, 109, 91, 51, 170, 139, 22, 182, 238, 49, 104, 60, 158, 44, 112, 225, 150, 67, 97, 175, 196, 50, 26, 107, 223, 106, 215, 75, 82, 14, 161, 90, 96, 118, 83, 61, 58, 202, 40, 220, 186, 70, 99, 216, 123, 87, 140, 48, 1, 153, 133, 250, 173, 190, 242, 146, 176, 9, 180, 12, 239, 171, 189, 103, 13, 33, 141, 54, 235, 47, 34, 228, 42, 145, 64, 66, 7, 15, 79, 160, 62, 206, 89, 41, 5, 192, 208, 164, 73, 27, 217, 31, 165, 110, 233, 205, 105, 178, 204, 162, 184, 200, 63, 137, 8, 45, 222, 120, 88, 11, 18, 226, 116, 56]
[173, 155, 91, 132, 131, 182, 7, 99, 126, 47, 108, 116, 195, 172, 41, 86, 216, 83, 89, 44, 150, 88, 107, 138, 226, 119, 211, 223, 244, 240, 90, 143, 174, 66, 197, 171, 81, 70, 239, 104, 32, 177, 184, 206, 183, 235, 214, 17, 125, 201, 63, 73, 250, 27, 0, 222, 168, 29, 109, 25, 163, 48, 241, 187, 204, 113, 98, 230, 120, 169, 188, 37, 79, 142, 64, 220, 115, 154, 65, 236, 249, 54, 160, 49, 190, 210, 96, 158, 181, 36, 218, 33, 237, 245, 80, 134, 234, 221, 45, 53, 69, 30, 199, 248, 76, 2, 71, 105, 50, 192, 140, 145, 180, 166, 31, 191, 87, 122, 118, 217, 233, 52, 212, 229, 243, 157, 74, 18, 141, 39, 35, 200, 133, 146, 43, 6, 26, 3, 8, 209, 111, 110, 130, 124, 170, 167, 58, 1, 51, 228, 24, 164, 117, 207, 231, 92, 215, 40, 186, 152, 67, 198, 93, 153, 11, 68, 194, 238, 42, 129, 246, 34, 159, 176, 185, 213, 144, 77, 61, 127, 28, 57, 208, 5, 149, 97, 85, 101, 196, 100, 165, 38, 84, 82, 148, 147, 242, 114, 136, 161, 60, 193, 21, 103, 9, 95, 78, 15, 23, 112, 123, 232, 189, 162, 203, 55, 247, 178, 102, 13]
[80, 81, 169, 46, 45, 139, 184, 178, 84, 218, 95, 201, 160, 240, 96, 134, 250, 196, 48, 131, 113, 205, 204, 200, 117, 98, 122, 30, 40, 246, 208, 130, 190, 86, 210, 68, 219, 177, 168, 166, 56, 188, 78, 164, 203, 0, 125, 76, 89, 183, 72, 54, 121, 59, 123, 118, 229, 8, 94, 10, 224, 15, 247, 31, 147, 185, 133, 173, 14, 91, 35, 206, 53, 181, 16, 150, 149, 62, 182, 129, 222, 71, 47, 85, 132, 198, 124, 209, 157, 140, 9, 170, 49, 179, 180, 136, 51, 146, 232, 155, 220, 207, 211, 6, 66, 60, 165, 100, 233, 215, 214, 41, 22, 58, 237, 230, 137, 69, 103, 63, 20, 73, 77, 241, 212, 235, 116, 99, 74, 11, 106, 245, 202, 21, 195, 107, 2, 234, 64, 5, 138, 228, 161, 97, 197, 154, 82, 156, 88, 26, 227, 50, 226, 244, 191, 12, 242, 175, 119, 112, 1, 109, 105, 32, 126, 42, 192, 148, 104, 25, 174, 7, 36, 145, 153, 108, 238, 17, 37, 152, 27, 239, 65, 13, 236, 19, 231, 193, 24, 199, 176, 57, 171, 127, 101, 61, 167, 38, 144, 141, 213, 79, 186, 18, 225, 187, 115, 189, 67]
[213, 61, 234, 15, 49, 212, 50, 193, 163, 225, 75, 138, 158, 118, 78, 179, 209, 9, 211, 41, 79, 56, 48, 19, 108, 154, 167, 238, 173, 84, 113, 76, 171, 203, 46, 18, 7, 149, 82, 25, 239, 33, 214, 230, 237, 68, 152, 221, 47, 182, 174, 207, 102, 64, 244, 92, 242, 200, 126, 80, 161, 134, 99, 228, 69, 37, 0, 51, 198, 164, 95, 57, 54, 120, 45, 52, 3, 247, 115, 101, 145, 27, 166, 11, 202, 219, 197, 162, 177, 127, 26, 223, 93, 196, 204, 70, 24, 85, 86, 186, 227, 131, 133, 4, 159, 137, 53, 58, 32, 176, 98, 235, 140, 206, 97, 169, 216, 87, 222, 246, 10, 12, 151, 172, 215, 2, 59, 141, 132, 106, 229, 192, 142, 201, 218, 128, 111]
[50, 11, 102, 46, 100, 113, 219, 204, 114, 91, 88, 134, 101, 212, 238, 209, 66, 8, 138, 205, 3, 214, 174, 126, 248, 10, 33, 216, 199, 115, 4, 128, 82, 141, 96, 186, 176, 147, 171, 107, 155, 172, 229, 73, 104, 129, 154, 158, 242, 72, 144, 136, 226, 15, 32, 125, 61, 58, 86, 165, 191, 13, 84, 190, 14, 221, 215, 87, 83, 188, 78, 45, 77, 206, 5, 160, 20, 211, 40, 233, 123, 240, 118, 195, 93, 207, 48, 103, 117, 85, 108, 148, 41, 1, 173, 35, 105, 39, 169, 168, 6, 178, 247, 170, 189, 53, 179, 27, 26, 71, 180, 124, 202, 120, 34, 197, 132, 223, 30, 37, 70, 249, 196, 208, 235, 224, 230, 38, 0, 175, 162, 65, 239, 17, 153, 145, 23, 185, 67, 16, 7, 22, 177, 69, 90, 89, 218, 213, 225, 49, 245, 98, 243, 24, 110, 31, 149, 29, 2, 187, 217, 106, 36, 250, 222, 127, 198, 68, 194, 139, 200, 183, 151, 121, 135, 232, 234, 44, 140, 181, 156, 94, 9, 21, 116, 52, 137, 59, 133, 152, 122, 74, 57, 193, 150, 60, 109, 166, 92, 159, 231, 203, 56, 97, 81]
[4, 45, 135, 214, 44, 74, 186, 115, 213, 58, 28, 162, 184, 131, 223, 194, 49, 56, 83, 208, 247, 168, 173, 91, 128, 244, 151, 108, 160, 100, 13, 46, 37, 169, 9, 181, 109, 50, 12, 143, 77, 117, 113, 29, 65, 81, 232, 103, 64, 85, 127, 41, 107, 78, 229, 144, 195, 124, 120, 60, 86, 161, 246, 164, 178, 31, 27, 193, 157, 84, 240, 183, 163, 110, 175, 192, 51, 141, 221, 228, 215, 236, 245, 150, 54, 179, 121, 3, 218, 23, 250, 79, 17, 136, 217, 204, 112, 18, 38, 140, 248, 167, 33, 216, 153, 97, 129, 227, 6, 130, 158, 146]
[111, 93, 16, 70]
[190, 234, 43, 128, 63, 0, 27, 207]
[160, 195, 49, 185, 217, 74, 55, 158, 80, 165, 115, 219, 82, 29, 226, 3, 107, 199, 52, 145, 27, 235, 10, 215, 170, 175, 249, 204, 91, 88, 8, 33, 231, 168, 205, 28, 108, 238, 101, 100, 105, 57, 229, 172, 234, 18, 134, 59, 54, 197, 132, 73, 171, 179, 127, 138, 84, 106, 50, 121, 144, 62, 214, 247, 44, 47, 245, 146, 233, 177, 16, 213, 139, 89, 42, 61, 133, 11, 60, 194, 243, 119, 104, 227, 148, 186, 31, 17, 131, 236, 190, 167, 157, 141, 242, 64, 79, 41, 24, 183, 70, 153, 116, 173, 180, 81, 26, 21, 69, 137, 196]
[83, 216, 249, 239, 215, 232, 200, 52, 250, 61, 185, 217, 190, 100, 205, 229, 34, 7, 156, 141, 70, 27, 219, 28, 5, 79, 179, 192, 150, 129, 186, 247, 181, 69, 187, 104, 139, 35, 209, 119, 117, 199, 234, 0, 15, 136, 210, 106, 120, 191, 248, 144, 162, 82, 33, 13, 148, 126, 63, 95, 88, 97]
[171, 216, 48, 28, 85, 116, 172, 247, 70, 128, 136, 199, 72, 106, 119, 167, 220, 52, 66, 175, 99, 159, 64, 135, 26, 133, 97, 182, 68, 41, 154, 245, 6, 230, 19, 44, 62, 10, 89, 223, 152, 103, 98, 122, 219, 61, 176, 149, 226, 105, 130, 200, 63, 107, 233, 8, 161, 185, 121, 37, 144, 56, 190, 18, 35, 194, 27, 73, 201, 160, 112, 235, 74, 76, 126, 1, 148, 53, 34, 24, 186, 82, 145, 192, 92, 150, 169, 84, 231, 77, 209, 181, 65, 127, 23, 204, 213, 151, 205, 12, 15, 87, 7, 0, 55, 241, 54, 228, 164, 2, 4, 132, 207, 170, 125, 225, 162, 179, 51, 217, 248, 33, 222, 189, 101, 214, 129, 238, 69, 120, 43, 118, 165, 206, 75, 5, 208, 195, 11, 142, 20, 141, 203, 108, 227, 178, 30, 57, 147, 229, 157, 117, 40, 81, 80, 249, 234, 221, 124, 197, 9, 174, 115, 232, 240, 46, 109, 137, 79, 215, 38, 212, 58, 131, 45, 191, 22, 91, 83, 29, 246, 100, 114, 140, 193, 202, 168, 173, 143, 134, 243, 110, 237, 25, 139, 180, 166, 224, 218, 67, 88, 211, 184, 158, 111, 13, 50, 242, 183, 196, 71, 78, 177, 96, 198, 163, 138, 155, 244, 86, 32, 239, 187]
[250, 117, 90, 149, 14, 26, 177, 178, 207, 205, 78, 180, 51, 110, 185, 244, 239, 82, 47, 102, 229, 216, 23, 121, 175, 41, 159, 167, 6, 31, 72, 118, 12, 194, 83, 74, 249, 130, 98, 73, 17, 158, 245, 176, 246, 204, 129, 28, 58, 115, 165, 241, 93, 124, 89, 67, 189, 183, 222, 97, 190, 186, 146, 197, 169, 48, 203, 215, 39, 184, 144, 160, 122, 247, 66, 4, 34, 52, 170, 192, 231, 191, 140, 76, 196, 112, 29, 19, 152, 162, 182, 85, 248, 198, 134, 156, 45, 13, 174, 139, 219, 206, 113, 60, 123, 218, 87, 155, 94, 101, 181, 46, 210, 64, 114, 24, 2, 27, 70, 33, 166, 7, 237, 209, 9, 15, 193, 54, 201, 135, 151, 32, 36, 1, 168, 68, 35, 5, 43, 49, 80, 79, 25, 63, 65, 57, 61, 37, 228, 10, 172, 223, 147, 50, 143, 243, 221, 109, 133, 86, 99, 217, 125, 236, 224, 53, 42, 131, 232, 3, 142, 126, 220, 199, 88, 208, 75, 153, 44, 179, 145, 234, 128, 132, 22, 40, 137, 21, 230, 62, 240, 116, 212, 71, 138, 141, 233, 226, 92, 214, 96, 157, 200, 38, 18, 8, 11, 150, 202, 211, 100, 81, 235, 161, 59, 154, 195, 69, 188, 238, 187, 225, 127, 104, 227, 111, 136, 105, 56, 0, 20, 163, 77, 108, 164, 119, 95, 91, 55]
[22, 136, 227, 135, 35, 144, 71, 175, 247, 109, 154, 120, 163, 96, 27, 95, 171, 7, 90, 161, 208, 202, 158, 51, 244, 69, 133, 121, 246, 180, 217, 196, 128, 68, 23, 54, 181, 249, 145, 44, 149, 61, 78, 66, 152, 150, 169, 41, 100, 62, 210, 166, 173, 177, 203, 234]
[232, 205, 142, 247, 134, 82, 187, 112, 25, 105, 151, 44, 113, 3, 181, 58, 173, 131, 178, 234, 116, 101, 212, 235, 160, 52, 115, 179, 146, 93, 122]
[64, 10, 181, 231, 75, 214, 25, 238, 97, 30, 11, 40, 185, 171, 48, 42, 225, 190, 24, 186, 204, 21, 104, 99, 173, 69, 103, 121, 47, 172, 249, 198, 70, 189, 23, 58, 117, 224, 67, 141, 144, 88, 194, 111, 116, 125, 170, 162, 82, 92, 138, 110, 89, 13, 9, 124, 122, 146, 59, 183, 34, 49, 53, 250, 200, 132, 211, 152, 115, 41, 35, 203, 137, 101, 20, 118, 85, 109, 66, 12, 31, 55, 106, 28, 182, 81, 37, 46, 135, 38, 36, 4, 230, 227, 192, 205, 52, 45, 50, 126, 174, 56, 43, 27, 245, 71, 208, 248, 139, 236, 84, 145, 233, 167, 154, 164, 133, 201, 244, 60, 72, 119, 235, 140, 129, 234, 16, 149, 130, 220, 1, 123, 215, 217, 210, 221, 33, 155, 91, 3, 222, 112, 108, 0, 196, 100, 226, 102, 113, 39, 78, 177, 229, 107, 242, 197, 76, 143, 240, 136, 61, 134, 232, 17, 98, 166, 176, 15, 65, 77, 114, 54, 191, 163, 239, 153, 2, 187]
[184, 7, 127, 15, 235, 63, 111, 26, 132, 98, 74, 71, 136, 28, 90, 210, 229, 201, 122, 151, 153, 237, 105, 219, 104, 243, 114, 79, 150, 41, 66, 161, 223, 224, 181, 13, 220, 128, 94, 195, 141, 245, 193, 168, 75, 100, 214, 230, 53, 227, 152, 157, 110, 2, 241, 206, 22, 25, 44, 17, 145, 221, 172, 238, 96, 130, 112, 27, 72, 164, 40, 143, 250, 194, 165, 246, 131, 43, 171, 187, 156, 10, 64, 107, 11, 109, 115, 158, 59, 129, 58, 34, 197, 99, 173, 239, 244, 48, 135, 51, 61, 20, 77, 56, 67, 188, 149, 36, 92, 93, 177, 176, 1, 62, 233, 170, 204, 85, 248, 0, 50, 18, 14, 146, 189, 222, 228, 216, 49, 89, 3, 78, 88, 123, 82, 148, 108, 202, 231, 16, 144, 139, 76, 140, 121, 174, 160, 142, 163, 116, 113, 55, 126, 91, 226, 124, 182, 39, 8, 190, 80, 147, 33]
[167, 68, 79, 87, 83, 189, 27, 7, 194, 229, 135, 60, 77, 39, 206, 181, 88, 41, 124, 44, 94, 30, 95, 225, 8, 172, 26, 156, 101, 131, 161, 113, 221, 21, 171, 241, 92, 147, 242, 5, 6, 59, 62, 16, 157, 40, 230, 0, 163, 248, 28, 201]
[97, 91, 196, 94, 141, 194, 142, 169, 248, 193, 163, 109, 132, 110, 63, 24, 53, 13, 3, 157, 72, 154, 122, 158, 59, 58, 184, 227, 36, 65, 150, 37, 75, 22, 206, 236, 30, 159, 0, 120, 224, 165, 29, 46, 243, 133, 181, 156, 74, 62, 155, 182, 8, 216, 78, 231, 164, 95, 32, 220, 114, 85, 14, 188, 161, 118, 73, 245, 228, 71, 87, 218, 244, 117, 44, 171, 238, 175, 129, 198, 237, 15, 48, 19, 102, 205, 167]
[77, 74, 207, 27, 126, 134, 157, 83, 17, 136, 232, 14, 10, 161, 233, 216, 22, 179, 108, 84, 21, 181, 186, 139, 145, 140, 33, 82, 41, 184, 1, 245, 170, 198, 85, 36, 106, 57, 192, 137, 148, 15, 185, 128, 124, 44, 165, 177, 69, 61, 23, 87, 155, 13, 4, 73, 112, 129, 52, 30, 94, 223, 111, 221, 152, 142, 208, 153, 166, 138, 103, 42, 164, 203, 62, 188, 102, 100, 114, 39, 163, 91, 31, 227, 141, 29, 90, 219, 92, 218, 70, 240, 175, 120, 72, 176, 172, 132, 158, 81, 35, 99, 182, 183, 2, 143, 238, 167, 189, 88, 24, 144, 131, 200, 37, 19, 225, 5, 146, 50, 60]
[95, 243, 60, 101, 2, 172, 85, 190, 163, 26, 236, 71, 226, 65, 221, 68, 233, 157, 246, 112, 145, 44, 124, 217, 130, 206, 69, 160, 158, 3, 8, 119, 80, 27, 59, 214, 183, 161, 167, 11, 123, 18, 31, 148, 113, 131, 67, 192, 21, 35, 136, 36, 98, 235, 103, 159, 42, 234, 16, 128, 104, 205, 133, 54, 107, 83, 170, 25, 162, 90, 168, 46, 105, 200, 52, 73, 248, 137, 81, 232, 29, 37, 153, 140, 150, 152, 61, 211, 244, 204, 115, 64, 49, 20, 165, 229, 219, 197, 135, 66, 209, 227, 215, 186, 1, 149, 164, 109, 0, 218, 84, 127, 154, 45, 53, 19, 12, 38, 156, 32, 92, 89, 138, 223, 188, 10, 182, 242, 173, 238, 82, 15, 191, 184, 47, 58, 121, 175, 208, 213, 151, 72, 166, 169, 56, 4, 207, 34, 193, 174, 9, 216, 201, 220, 139, 194, 91, 24, 177, 50, 185, 144, 178, 97, 155, 74, 41, 146, 33, 57, 17, 122, 134, 126, 23, 88, 96, 198, 245, 249, 99, 224, 114, 111, 203, 78, 5, 48, 116, 125, 142, 247, 100, 110, 63, 94, 240, 120, 195, 222, 239, 171, 187, 6, 132, 55, 230, 13, 196, 147, 14, 70, 117, 228, 225]
[220, 27, 132, 13, 217, 236, 49, 130, 211, 54, 19, 2, 96, 210, 212, 119, 137, 5, 32, 153, 92, 120, 162, 11, 129, 82, 37, 34, 76, 222, 203, 121, 24, 65, 216, 173, 3, 30, 63, 81, 74, 147, 152, 158, 214, 150, 66, 44, 230, 200, 38, 201, 149, 68, 250, 107, 170, 249, 36, 70, 10, 145, 166, 238, 85, 219, 80, 118, 111, 157, 154, 56, 168, 83, 55, 45, 72, 181, 148, 231, 112, 127, 184, 90, 167, 128, 105, 239, 151, 156, 202, 6, 191, 73, 194, 114, 241, 104, 95, 26, 164, 172, 177, 124, 234, 206, 108, 61, 89, 183, 125, 123, 75, 16, 41, 64, 223, 8, 232, 31, 58, 215, 225, 46, 242, 144, 245, 84, 47, 51, 160, 113, 187, 138, 39, 142, 237, 115, 43, 126, 60, 209, 196, 189, 88, 91, 133, 116, 228, 23, 87, 9, 143, 197, 52, 141, 122, 243, 17, 174, 94, 178, 57, 246, 179, 14, 0, 171, 176, 186, 28, 100, 226, 40, 205, 169, 199, 235, 71, 48, 163, 35, 165, 180, 69, 109, 139, 20, 208, 248, 25, 18, 185, 50, 59, 159, 190, 78, 218, 198, 204, 227, 97, 99, 53, 12, 221, 213, 175, 21, 67, 42, 102, 101, 136, 207, 77, 22]
[139, 77, 38, 86, 157, 243, 13, 140, 68, 229, 238, 210, 53, 17, 52, 179, 138, 104, 205, 59, 169, 188, 247, 96, 160, 146, 18, 48, 20, 45, 220, 245, 233, 203, 212, 172, 155, 80, 196, 122, 87, 91, 22, 162, 64, 234, 28, 206, 12, 170, 100, 197, 126, 183, 35, 145, 240, 198, 185, 15, 164, 34, 151, 121, 0, 105, 223, 115, 148, 226, 161, 89, 132, 136, 94, 47, 207, 14, 49, 171, 190, 141, 242]
[207, 69, 84, 17, 159, 203, 126, 190, 129, 0, 155, 158, 14, 210, 228, 7, 38, 188, 78, 150, 3, 202, 96, 22, 172, 116, 75, 195, 164, 199, 205, 147, 29, 81, 238, 169, 42, 39, 91, 80, 62, 127, 189, 215, 217, 161, 31, 110, 174, 12, 77, 140, 44, 122]
[142, 222, 235, 159, 227, 44, 151, 35, 219, 101, 201, 26, 185, 37, 14, 186, 146, 16, 249, 28, 94, 148, 172, 128, 47, 170, 171, 50, 25, 11, 145, 120, 5, 40, 57, 116, 181, 1, 239, 10, 6, 231, 117, 150, 133, 59, 187, 190, 134, 15, 153, 237, 232, 242, 84, 234, 161, 100, 83, 215, 34, 184, 81, 238, 112, 135, 241, 203, 68, 98, 23, 139, 179, 70, 63, 41, 230, 218, 224, 221, 96, 55, 182, 67, 228, 71, 3, 124, 119, 136, 202, 61, 177, 31, 65, 99, 140]
[]
[189, 229, 83, 155, 159, 43, 149, 2, 32, 23, 241, 142, 160, 95, 27, 207, 71, 150, 53, 219, 185, 196, 199, 15, 113, 202, 182, 124, 11, 89, 153, 141, 193, 7, 24, 162, 226, 237, 38, 46, 191, 40, 166, 181, 138, 101, 8, 55, 129, 148, 6, 172, 215, 173, 223, 186, 143, 161, 146, 152, 209, 206, 203, 158, 115, 125, 122, 228, 132, 3, 18, 178, 117, 77, 72, 137, 12, 90, 214, 240, 28, 93, 63, 195, 97, 180, 183, 14, 224, 233, 33, 68, 85, 145, 60, 64, 227, 78, 35, 84, 80, 102, 45, 136, 127, 131, 139, 62, 128, 81, 31, 37, 42, 144, 30, 73, 184, 16, 67, 39, 0, 20, 225, 243, 58, 238, 130, 54, 50, 103, 107, 167, 1, 104, 19, 120, 111, 70, 246, 26, 114, 235, 94, 87, 197, 47, 44, 220, 29, 190, 217, 245, 121, 242, 99, 154, 157, 5, 118, 194, 221, 140, 176, 163, 52, 41, 22, 134]
[51, 209, 167, 226, 234, 96, 111, 153, 75, 127, 98, 236, 52, 47, 50, 186, 202, 242, 183, 220]
[45, 17, 168, 128, 55, 50, 237, 183, 41, 165, 225, 117, 97, 46, 170, 126, 208, 118, 180, 111, 121, 61, 21, 244, 246, 133, 102, 193, 62, 177, 58, 224, 73, 3, 200, 160, 106, 238, 38, 122, 66, 218, 167, 57, 188, 110, 185, 43]
[147, 130, 208, 9, 62, 11, 106, 59, 184, 84, 215, 49, 23, 57, 92, 183, 114, 76, 117, 216, 167, 25, 137, 118, 202, 138, 10, 244, 123, 101, 151, 6, 110, 73, 70, 168, 90, 111, 40, 235, 192, 126, 181, 31, 64, 165, 155, 194, 104, 134, 53, 197, 139, 67, 89, 182, 119, 204, 161, 232, 128, 58, 249, 28, 26, 224, 140, 3, 211, 15, 91, 217, 36, 14, 33, 207, 173, 12, 243, 214, 115, 18, 74, 160, 102, 158, 54, 68, 205, 61, 19, 48, 109, 189, 210, 230, 238, 24, 0, 196, 81, 248, 13, 170, 143, 4, 166, 99, 220, 96, 179, 247, 178, 163, 20, 27, 72, 122, 41, 198, 127, 245, 125, 219, 146, 86, 250, 174, 105, 42, 29, 240, 154, 60, 45, 121, 150, 176, 56, 71, 149, 157, 17, 159, 80, 226, 188, 44, 37, 22, 171, 233, 32, 112, 242, 75, 78, 7, 98, 94, 135, 227, 231, 129, 236, 108, 218, 191, 66]
[12, 147, 22, 216, 154, 247, 205, 80, 36, 129, 104, 9, 2, 241, 168, 199, 167, 65, 85, 15, 97, 43, 13, 164, 19, 218, 217, 235, 156, 219, 196, 108, 64, 132, 131, 204, 174, 130, 57, 21, 136, 194, 210, 77, 229, 165, 60, 201, 92, 48, 180, 105, 116, 244, 82, 220, 70, 171, 78, 115, 157, 231, 197, 90, 183, 141, 16, 109, 155, 213, 158, 146, 63, 127, 170, 5, 191, 117, 86, 240]
[214, 209, 231, 221, 45, 32, 148, 9, 156, 117, 109, 116, 134, 76, 85, 233, 154, 12, 36, 115, 52, 51, 68, 71, 94, 215, 120, 202, 102, 124, 173, 5, 248, 236, 111, 61, 126, 206, 104, 78, 53, 39, 79, 6, 74, 243, 123, 91, 80, 25, 133, 180, 227, 170, 108, 106, 179, 181, 132, 23, 93, 142, 48, 213, 33, 210, 95, 190, 238, 199, 128, 177, 37, 198, 188, 230, 97, 40, 201, 143, 246, 54, 72, 41, 216, 220, 187, 217, 28, 27, 129, 69, 38, 141, 195, 169, 49, 241, 189, 240, 165, 208, 2, 152, 58, 147, 160, 96, 228]
[214, 209, 104, 131, 140, 62, 1, 11, 38, 45, 138, 57, 185, 115, 70, 96, 50, 89, 99, 188, 150, 109, 132, 158, 211]
[61, 21, 164, 220, 229, 195, 117, 120, 37, 168, 90, 119, 62, 156, 5, 57, 130, 76, 126, 190, 159, 69, 53, 75, 27, 2, 226, 244, 55, 141, 227, 18, 186, 241, 162, 187, 140, 128, 22, 17, 221, 235, 111, 33, 112, 154, 210, 212, 233, 223, 245, 115, 230, 95, 70, 67, 124, 93, 29, 197, 48, 4, 191, 36, 240, 132, 216, 200, 13, 249, 192, 239, 66, 63, 99, 89, 206, 47, 56, 218, 19, 59, 52, 231, 25, 51, 143, 103, 23, 87, 91, 54, 161, 50, 73, 9, 77, 228, 43, 109, 237, 116, 160, 100, 80, 224]
[53, 128, 73, 132, 163, 169, 101, 20, 50, 207, 250, 87, 164, 200, 134, 1, 106, 159, 95, 17, 243, 247, 71, 33, 228, 139, 126, 52, 199, 31, 176, 245, 109, 118, 93, 241, 47, 149, 202, 193, 99, 246, 194, 49, 198, 3, 90, 58, 68, 44, 222, 64, 166, 124, 32, 116, 56, 201, 92, 13, 46, 239, 213, 127, 165, 235, 104, 160, 230, 131, 23, 209, 145, 180, 181, 108, 148, 34, 152, 186, 223, 157, 130, 218, 96, 162, 69, 122, 173, 5, 154, 88, 22, 136, 249, 168, 82, 224, 38, 65, 203, 226, 16, 28, 225, 86, 9, 43, 242, 74, 57, 211, 7, 12, 232, 197, 238]
[192, 163, 218, 25, 89, 20, 250, 221, 50, 77, 122, 24, 78, 220, 81, 117, 54, 48, 155, 106, 245, 114, 59, 16, 38, 71, 136, 92, 222, 35, 200, 33, 226, 133, 7, 0, 111, 244, 215, 142, 166, 164, 229, 159, 72, 31, 146, 98, 66, 177, 58, 68, 32, 13, 96, 62, 237, 181, 94, 70, 185, 162, 189, 90, 248, 149, 131, 151, 130, 208, 183, 1, 40, 179, 234, 223, 63, 11, 216, 135, 203, 224, 174]
[246, 152, 72, 125, 108, 76, 236, 31, 238, 100, 232, 172, 63, 164, 101, 85, 55, 156, 62, 135, 95, 221, 132, 216, 180, 37, 97, 147, 111, 198, 2, 8, 165, 3, 121, 250, 234, 122, 190, 176, 185, 28, 1, 117, 223, 143, 87, 105, 138, 171, 7, 19, 247, 227, 58, 175, 36, 181, 112, 86, 11, 194, 39, 244, 129, 23, 202, 113, 35, 173, 115, 84, 124, 179, 82, 29, 48, 192, 220, 106, 188, 78, 184, 225, 137, 54, 107, 71, 134, 22, 191, 126, 99, 73, 26, 53, 51, 155, 159, 149, 88, 241, 133, 5, 237, 110, 235, 224, 33, 41, 65, 92, 123, 114, 69, 90, 239, 4, 151, 214, 10, 118, 230, 240, 210, 103, 177, 157, 150, 130, 43, 195, 46, 229, 233, 9, 136, 212, 182]
[126, 152, 235, 56, 22, 85, 116, 217, 95, 54, 71, 182, 236, 58, 185, 175, 125, 202, 192, 91, 247, 206, 131, 73, 158, 237, 230, 49, 35, 119, 28, 23, 70, 164, 89, 83, 21, 115, 180, 109, 110, 118, 176, 188, 167, 146, 210, 18, 181, 225, 77, 221, 52, 88, 156, 130, 7, 140, 171, 86, 100, 104, 121, 149, 93, 148, 163, 246, 153, 8, 216, 87, 128, 105, 228, 150, 132, 169, 142, 65, 200, 4, 160, 215, 99, 127, 64, 249, 187, 101, 39, 196, 29, 179, 19, 144, 195, 81, 198, 10, 106, 15, 63, 191, 141, 55, 222, 103, 74, 5, 80, 33, 173, 157, 240, 92, 40, 177, 38, 178, 0, 129, 114, 44, 2, 30, 242, 48, 137, 238, 162, 94, 51, 229, 61, 27, 26, 59, 145, 199, 34, 245, 98, 9, 14, 172, 78, 168, 11, 107, 204, 234, 220, 213, 231, 159, 12, 46, 143, 17, 3, 90, 165, 248, 113, 42, 151]
[208, 72, 103, 40, 152, 167, 145, 132, 125, 76, 70, 196, 197, 43, 14, 119, 44, 28, 57, 232, 223, 20, 186, 18, 122, 65, 204, 192, 190, 248, 64, 55, 5, 47, 151, 63, 231, 237, 85, 246, 201, 210, 97, 104, 31, 191, 39, 140, 73, 136, 200, 98, 206, 120, 15, 126, 51, 21, 142, 93, 61, 164, 116, 102, 7, 157, 230, 124, 156, 147, 101, 146, 189, 106, 137, 165, 89, 184, 234, 240, 212, 91, 12, 227, 172, 176, 228, 235, 59, 54, 170, 37, 29, 69, 188, 229, 96, 247, 185, 3, 243, 95, 160, 41, 83, 249, 219, 222, 30, 110, 74, 174, 45, 16, 131, 22, 238, 150, 195, 202, 144, 17, 221, 155, 226, 117, 78, 105, 100, 111, 211, 53, 87, 86, 88, 66, 80, 133, 245, 169, 46, 107, 67, 92, 139, 159, 82, 2, 166, 27, 58, 49, 60]
[242, 51, 103, 129, 135, 236, 149, 239, 172, 81, 97, 222, 119, 24, 40, 83, 74, 247, 43, 28, 224, 50, 70, 92, 99, 72, 166, 15, 44, 20, 250, 212, 71, 65, 186, 58, 67, 120, 225, 69, 194, 16, 206, 116, 203, 130, 139, 231, 176, 132, 55, 122, 96, 161, 248, 150, 153, 202, 164, 90, 42, 36, 0, 232, 47, 33, 227, 208, 29, 34, 177, 238, 217, 157, 98, 147, 12, 3, 183, 111, 106, 9, 140, 154, 226]
[247, 227, 136, 113, 58, 12, 232, 4, 144, 203, 17, 64, 197, 141, 202, 126, 65, 236, 114, 19, 50, 8, 73, 134, 243, 80, 38, 167, 129, 216, 149, 128, 118, 159, 44, 198, 23, 206, 229, 210, 66, 224, 87, 204, 152, 231, 63, 172, 240, 219, 178, 69, 171, 186, 135, 43, 108, 125, 107, 158, 10, 132, 41, 103, 77, 101, 29, 52, 153, 93, 13, 95, 72, 124, 120, 82, 182, 81, 166, 161, 100, 177, 183, 140, 27, 83, 214, 170, 74, 184, 86, 14, 11, 89, 145, 119, 22, 112, 245, 3, 246, 109, 209, 116, 110, 62, 121, 212, 192, 104, 199, 96, 111, 226, 201, 160, 156, 218, 233, 39, 85, 70, 237, 0, 1, 53, 157]
[6, 9, 239, 130, 104, 88, 108, 184, 4, 146, 80, 97, 247, 54, 127, 156, 100, 118, 174, 57, 207, 235, 78, 122, 128, 154, 216, 249, 111, 250, 106, 110, 52, 12, 27, 11, 195, 148, 10, 49, 13, 169, 229, 161, 178, 186, 63, 62, 84, 234, 181, 135, 147, 246, 133, 237, 196, 188, 236, 93, 182, 173, 150, 183, 95, 167, 0, 82, 142, 119, 48, 23, 243, 203, 121, 168, 99, 206, 193, 117, 28, 190, 170, 215, 209, 70, 107, 221, 91, 22, 208, 214, 131, 123, 231, 16, 139, 194, 212, 218, 120, 69, 164, 105, 86, 24, 129, 145, 138, 67]
[111, 95, 42, 75, 168, 11, 171, 19, 129, 221, 204, 219, 126, 1, 3]
[190, 16, 6, 222, 212, 205, 73, 143, 195, 238, 198, 249, 210, 206, 242, 231, 196, 225, 47, 4, 87, 123, 5, 145, 185, 39, 138, 48, 250, 71, 150, 159, 131, 146, 180, 67, 96, 220, 134, 62, 52, 85, 194, 169, 162, 229, 164, 174, 149, 211, 181, 135, 109, 108, 148, 41, 104, 245, 177, 179, 89, 12, 72, 66, 7, 98, 126, 187, 214, 130, 0, 110, 53, 237, 23, 151, 178, 105, 243, 86, 239, 235, 173, 37, 33, 147, 154, 101, 75, 248, 221, 80, 203, 204, 94, 63, 224, 77, 227, 114, 21, 161, 93, 32, 202, 29, 64, 117, 170, 38, 247, 156, 26, 106, 232, 158, 139, 217, 35, 61, 81, 165, 91, 107, 54, 42, 157, 57, 199, 201, 200, 100, 76, 49, 160, 128, 175, 122, 234, 176, 183, 116, 3, 58, 60, 95, 55, 69, 18, 226, 129, 182, 209, 24, 15, 45, 70, 97, 103, 56, 167, 136, 2, 92, 90, 44, 213, 137, 207, 189, 144, 127, 79, 82, 193, 125, 1, 36, 230, 25, 111, 84, 120, 28, 31, 9]
[170, 16, 79, 124, 70, 198, 116, 10, 49, 118, 60, 64, 241, 220, 180, 22, 1, 21, 244, 179, 17, 223, 110, 111, 196, 142, 218, 24, 14, 30, 95, 25, 126, 67, 51, 13, 166, 100, 46, 56, 175, 247, 69, 151, 194, 37, 52, 210, 167, 228, 243, 201, 191, 41, 26, 120, 163, 202, 137, 242, 38, 45, 185, 168, 28, 119, 193, 214, 215, 6, 113, 66, 190, 93, 72, 146, 122, 186, 88, 240, 62, 205, 187, 82, 150, 31, 3, 217, 78]
[42, 164, 28, 10, 128, 83, 36, 204, 37, 136, 206, 224, 130, 99, 233, 150, 239, 250, 157, 208, 65, 191, 125, 236, 16, 7, 106, 78, 127, 25, 145, 33, 24, 213, 56, 97, 71, 227, 121, 172, 67, 88, 158, 95, 41, 105, 169, 188, 119, 46, 112, 170, 234, 34, 82, 55, 181, 108, 61, 175, 8, 17, 19, 114, 96, 220, 232, 203, 177, 45, 117, 21, 94, 241, 15, 107, 6, 39, 230, 176, 73, 200, 199, 178, 171, 140, 111, 138, 23, 186, 189, 35, 229, 51, 149, 159, 54, 98, 235, 212, 144, 139, 124, 30, 179, 133, 183, 103, 210, 68, 165, 142, 89, 243, 129, 62, 0, 2, 122, 58, 85, 64, 154, 216, 174, 182, 161, 192, 196, 90, 43, 195, 226, 79, 32, 59, 123, 50, 215, 180, 205, 77, 152, 100, 237, 57, 113, 4, 76, 148, 13, 218, 1, 109, 91, 102, 11, 244, 231, 87, 143, 40, 118, 221, 63, 31, 202, 26, 225, 217, 214, 66, 22, 156, 197, 209, 198, 110, 240, 80, 246, 126, 248, 52, 184, 12, 153, 84, 211, 29, 219, 9, 116, 47, 101, 190, 27, 38, 18, 14, 194, 3, 120, 187, 222, 72, 242, 74, 146, 53, 155, 223, 44, 60]
[158, 128, 40, 19, 10, 71, 248, 179, 112, 152, 233, 15, 47, 242, 166, 50, 176, 171, 207, 23, 250, 240, 122, 21, 178, 35, 172, 205, 199, 150, 70, 104, 20, 159, 25, 82, 0, 162, 247, 4, 68, 34, 27, 89, 86, 91, 130, 110, 129, 157, 98, 62, 141, 55, 5, 221, 107, 105, 43, 193, 29, 206, 76, 94, 114, 215, 79, 226, 238, 203, 225, 113, 54, 201, 102, 200, 56, 148, 182, 183, 249, 194, 81, 51, 88, 180, 170, 31, 160, 75]
[67, 12, 65, 215, 5, 154, 27, 198, 22, 30, 15, 32, 192, 44, 200, 121, 43, 226, 161, 103, 151, 249, 244, 227, 162, 143, 172, 167, 165, 159, 17, 130, 7, 205, 222, 21, 98, 61, 69, 137, 28, 164, 169, 133, 118, 195, 217, 29, 116, 89, 96, 9, 92, 111, 221, 42, 243, 79, 206, 207, 247, 166, 250, 70, 60, 242, 73, 138, 68, 64, 52, 197, 63, 147, 102, 51, 201, 219, 107, 220, 62, 76, 174, 1, 49, 225, 187, 56, 4, 208, 66, 38, 234, 175, 105, 106, 230, 232, 156, 185, 45, 25, 3, 123, 85, 2, 213, 144, 199, 78, 140, 113, 72, 84, 158, 184, 93, 117, 223, 224, 180, 178, 34, 176, 114, 14, 202, 33, 216, 218, 145, 86, 18, 210, 37, 54, 48, 53, 57, 110, 40, 231, 20, 41, 155, 13, 6, 71, 99, 135, 160, 203, 129, 82, 168, 26, 75, 81, 148, 233, 188, 125, 157, 246, 146, 237, 142, 74, 16, 173, 128, 83, 152, 19, 31, 182, 214, 189, 141, 55, 236, 35, 101, 122, 171, 228, 193, 211, 163, 190, 87, 181, 59, 241, 0, 120, 88, 183, 153, 240, 149, 209, 50, 248, 100, 229, 134, 112, 239, 124, 47, 136, 245, 90, 24, 131, 177, 95, 235, 91, 186, 194, 179, 108, 119, 238, 212, 58, 204, 127, 109, 46, 126, 11, 10, 80, 23, 36, 150, 77, 132, 191, 8]
[147, 119, 2, 71, 222, 108, 169, 235, 145, 144, 29, 53, 24, 66, 164, 0, 186, 154, 139, 242, 104, 220, 87, 19, 83, 208, 11, 109, 27, 86, 111, 189, 211, 175, 185, 140, 69, 197, 198, 62, 244, 146, 217, 190, 165, 105, 30, 129, 128, 167, 138, 188, 170, 75, 238, 227, 241, 135, 76, 82, 123, 163, 68, 113, 41, 228, 120, 64, 153, 74, 114, 125, 85, 43, 207, 212, 173, 192, 166, 32, 79, 191, 149, 33, 124, 117, 245, 25, 61, 234, 239, 16, 4, 247, 110, 177, 246, 90, 8, 22, 193, 225, 91, 237, 17, 172, 205, 179, 204]
[28, 180, 60, 179, 97, 73, 220, 235, 4, 11, 133, 184, 160, 25, 221, 120, 108, 93, 174, 80, 229, 188, 183, 38, 209, 118, 130, 239, 125, 57, 61, 0, 103, 196, 78, 156, 99, 87, 63, 231, 23, 102, 79, 113, 22, 74, 48, 215, 31, 30, 177, 132, 249, 158, 83, 81, 12, 212, 112, 5, 126, 218, 164, 65, 135, 165, 72, 169, 116, 247, 161, 26, 228, 248, 203, 224, 167, 53, 242, 219, 197, 101, 46, 39, 208, 49, 89, 52, 128, 91, 250, 90, 237, 69, 19, 200, 84, 150, 214, 176, 207, 56, 62, 191, 163, 162, 210, 106, 86, 127, 227, 226, 64, 134, 168, 36, 8, 92, 67, 246, 123, 1, 225, 206, 238, 136, 159, 40, 110, 105, 241, 82, 138, 58, 245, 137, 71, 149, 122, 18, 213, 211, 13, 27, 94, 77, 141, 195, 175, 50, 140, 85, 45, 147, 68, 173, 29, 145, 111, 21, 3, 55, 171, 186, 47, 182, 153, 148, 198, 16, 121, 189, 170, 96, 104, 59, 119, 151, 190, 236, 222, 10, 17, 15, 143, 107, 115, 95, 217, 70, 34, 9, 42, 216, 146, 6, 240, 14, 75, 109, 142, 205, 88, 131]
[85, 244, 84, 192, 205, 139, 100, 173, 152, 218, 113, 228, 185, 83, 64, 157, 6, 214, 111, 137, 70, 188, 52, 107, 7, 16, 33, 232, 48, 178, 8, 231, 56, 71, 109, 145]
[69, 193, 183, 216, 127, 59, 208, 46, 17, 14, 140, 174, 220, 180, 198, 163, 90, 210, 119, 227, 76, 189, 39, 54, 245, 152, 96, 118, 243, 139, 224, 173, 124, 0, 188, 12, 143, 153, 175, 149, 196, 51, 195, 186, 35, 6, 27, 130, 197, 38, 4, 168, 199, 172, 34, 112, 50, 29, 91, 125, 111, 25, 97, 161, 234, 200, 32, 89, 15, 87, 95, 36, 28, 207]
[134, 205, 172, 94, 137, 98, 36, 0, 244, 127, 64, 54, 38, 139, 157, 226, 27, 81, 212, 199, 125, 70, 129, 97, 204, 239, 208, 176, 187, 117, 67, 26, 165, 232, 100, 132, 111, 213, 7, 122, 108, 115, 93, 77, 178, 22, 15, 119, 164, 235, 102, 218, 114, 4, 29, 82, 61, 141, 88, 151, 217, 182, 65, 222, 9, 118, 162, 144, 146, 83, 240, 113, 225, 229, 206, 140, 130, 202, 25, 99, 52, 121, 44, 209, 31, 78, 112, 223, 47, 95, 87, 86, 73, 194, 2, 243, 103, 227]
[221, 15, 49, 13, 211, 238, 24, 108, 200, 230, 88]
[188, 147, 91, 245, 132, 138, 8, 110, 191, 168, 17, 194, 172, 33, 121, 63, 115, 178, 216, 130, 113, 24, 154, 205, 59, 57, 50, 53, 183, 120, 38, 20, 25, 1, 157, 102, 12, 46, 170, 160, 129, 48, 193, 116, 74, 249, 176, 61, 230, 161, 209, 190, 210, 247, 82, 174, 250, 96, 212, 103, 213, 44, 158, 21, 141, 126, 62, 87, 49, 167, 56, 65, 125, 241, 54, 181, 211, 131, 68, 149, 182, 51, 180, 71, 79, 118, 192, 19, 123, 187, 218, 222, 228, 14, 60, 229]
[178, 58, 241, 199, 115, 181, 185, 60, 198, 127, 86, 13, 56, 250, 202, 72, 139, 19, 184, 10, 234, 79, 180, 17, 84, 30, 39, 38, 158, 219, 152, 224, 1, 122, 120, 27, 85, 37, 94, 244, 103, 175, 67, 123, 225, 189, 15, 45, 21, 206, 245, 25, 215, 2, 34, 248, 35, 102, 111, 48, 145, 31, 201, 51, 36, 163, 179, 118, 140, 133, 132, 238, 214, 135, 114, 6, 173, 75, 89, 23, 91, 143, 230, 233, 100, 62, 18, 190, 148, 188, 162, 197, 128, 203, 11, 167, 166, 40, 42, 242, 105, 88, 235, 66, 33, 153, 134, 131, 26, 9, 155, 121, 165, 44, 12, 104, 87, 229, 74, 220, 32, 81, 129, 112, 200, 187, 169, 174, 213, 246, 151, 55, 119, 63, 221, 237, 22, 98, 126, 92, 47, 29, 125, 228, 49, 239, 7, 41, 20, 141, 204, 147, 3, 177, 159, 50, 217, 222, 71, 4, 146, 211, 207, 171, 247, 116, 99, 168, 218, 101, 231, 196, 232, 14, 107, 156, 96, 124, 69, 110, 136, 209, 240, 76, 8, 61, 226, 65, 243, 46, 144, 53, 182, 142, 216, 73, 28, 80, 161, 186, 64, 68, 16, 138, 160, 212, 176, 205, 157, 223, 249, 113, 5, 59, 137, 54, 130, 227, 93, 236, 170, 78, 193, 70]
[55, 173, 151, 220, 10, 0, 124, 216, 227, 105, 31, 195, 157, 214, 184, 75, 168, 85, 33, 9, 221, 88, 39, 20, 5, 133, 193, 89, 154, 29, 26, 242, 47, 196, 42, 191, 181, 38, 231, 19, 52, 139, 149, 198, 234, 209, 99, 2, 12, 215, 202, 136, 6, 90, 211, 143, 162, 207, 222, 239, 57, 59, 37, 1, 104, 22, 167, 3, 170, 206, 94, 235, 147, 247, 204, 146, 189, 230, 240, 4, 148, 142, 18, 212, 67, 224, 112, 250, 217, 158, 248, 175, 110, 7, 27, 68, 120, 205, 127, 48, 108, 156, 213, 228, 54, 50, 200, 25, 121, 186, 21, 96, 128, 43, 190, 141, 83, 244, 140, 153, 201, 123, 129, 107, 185, 74, 32, 23, 174, 232, 152, 119, 93, 176, 233, 178, 226, 159, 246, 172, 11, 180, 183, 122, 15, 49, 34, 208, 45, 76, 179, 106, 118, 65, 131, 169, 192, 144, 117, 237, 116, 44, 63, 238, 82, 115, 97, 80, 241, 194, 8, 71, 135, 165, 177, 98, 245, 69, 58, 87, 36, 114, 109, 249, 53, 64, 134, 41, 166, 72, 132, 30, 66, 102, 164, 73, 91, 229, 16, 77, 210, 113, 79, 187, 51, 17, 130, 243, 103, 81, 28, 13, 86, 223, 60, 40, 163, 203, 78, 145, 137, 95, 126, 56, 199, 161, 171, 92, 101, 14, 100, 182, 61, 35, 150, 70, 46, 197, 219, 138, 24, 225, 62, 111, 160, 125, 236, 84, 188]
[59, 105, 229, 83, 22, 40, 177, 195, 156, 35, 203, 32, 238, 133, 138]
[7, 171, 162, 147, 156, 76, 248, 17, 13, 110, 82, 242, 153, 8, 154, 90, 115, 114, 158, 135, 16, 124, 210, 155, 48, 73, 93, 189, 89, 185, 57, 167, 166, 49, 71, 239, 106, 148, 94, 99, 121, 31, 203, 191, 133, 143, 245, 217, 207, 172, 208, 212, 234, 211, 174, 206, 209, 38, 215, 204, 125, 2, 170, 214, 9, 14, 145, 202, 232, 104, 197, 111]
[192, 115, 236, 182, 96, 87, 101, 235, 232, 117, 239, 233, 207, 128, 38, 113, 51, 31, 190, 46, 114, 83, 166, 143, 231, 126, 177]
[47, 211, 100, 29, 201, 196, 86, 25, 107, 190, 54, 184, 39, 141, 150, 112, 15, 205, 122, 72, 231, 5, 152, 58, 105, 171, 134, 192]
[187, 88, 45, 196, 34, 211, 185, 51, 6, 178, 52, 27, 125, 7, 46, 228, 40, 198, 237, 240, 226, 159, 155, 148, 79, 55, 127, 142, 188, 50, 58, 92, 84, 18, 56, 120, 181, 122, 49, 143, 28, 81, 69, 206, 25, 17, 57, 102, 140, 82, 137, 199, 123, 74, 23, 26, 21, 68, 2, 160, 80, 132, 195, 64, 4, 16, 230, 93, 100, 105, 33, 20, 97, 53, 90, 224, 10, 192, 236, 95, 157, 138, 71, 180, 22, 5, 98, 212, 209, 85, 118, 8, 151, 202, 149, 72, 235, 65, 134, 107, 112, 104, 11, 220, 73, 186, 32, 172, 119, 31, 223, 121, 14, 245, 19, 78, 163, 103, 145, 13, 67, 248, 116, 176, 177, 182, 126, 43, 205, 1, 183, 152, 113, 12, 83, 30, 48, 174, 227, 136, 66, 3, 77, 150, 218, 62, 91, 110, 214, 70, 128, 194, 232, 243, 153, 219, 139, 201, 36, 76, 166, 114, 197, 35, 38, 59, 216, 63, 244, 108, 101, 191, 47, 222, 217, 184, 15, 193, 109, 175, 165, 208, 54, 129, 41, 241, 170, 203, 158, 111, 221, 173]
[167, 133, 108, 69, 78, 16, 154, 100, 70, 67, 199, 210, 18, 120, 3, 77, 148, 208, 45, 39, 24, 106, 202, 243, 244, 181, 15, 88, 85, 182, 0, 165, 149, 222, 155, 11, 232, 22, 187, 162, 66, 209, 75, 160, 230, 131, 217, 221, 126, 25, 97, 198, 216, 109, 214, 125, 190, 159, 40, 220, 112, 62, 150, 231, 234, 58, 113, 228, 44, 206]
[205, 158, 14, 222, 31, 66, 210, 120, 91, 124, 106, 113, 68, 12, 130, 148, 215, 37, 93, 202, 95, 0, 44, 107, 75, 132, 40, 174, 80, 35, 208, 131, 128, 97, 24, 90, 231, 200, 72, 41, 59, 88, 246, 176, 5, 51, 32, 214, 142, 175, 47, 100, 85, 127, 228, 135, 165, 23, 220, 69, 6, 193, 123, 18, 101, 247, 167, 48, 162, 118, 155, 153, 212, 50, 25, 146, 11, 203, 45, 224, 115, 34, 19, 129, 179, 79, 209, 105, 134, 245, 173, 122, 42, 177, 137, 151, 133, 61, 64, 65, 145, 119, 58, 17, 30, 43, 185, 223, 160, 56, 191, 102, 116, 81, 244, 77, 163, 149, 38, 157, 108, 219, 188, 114, 67, 147, 197, 29, 94, 103, 226, 15, 186, 234, 83, 92, 70, 71, 53, 87, 250, 198, 36, 141, 150, 201, 82, 217, 89, 117, 109, 152, 8, 154, 195, 182, 192, 199, 126, 184, 221, 1, 10, 16, 242, 99, 125, 161, 207, 78, 138, 196, 206, 76, 171, 96, 211, 74, 178, 112, 7, 140, 227, 216, 248, 225, 180, 170, 233, 21, 136, 236, 13, 57, 213, 166, 181, 218, 4, 110, 111, 62, 164, 139, 3, 22, 46, 204, 243, 144, 172, 183, 230, 84, 237, 241, 39, 98]
[242, 42, 106, 225, 140, 199, 113, 196, 135, 3, 55, 97, 136, 62, 144, 60, 118, 205, 154, 45, 203, 86, 148, 190, 104, 156, 57, 14, 72, 74, 73, 82, 0, 49, 59, 237, 185, 124, 28, 131, 226, 234, 75, 26, 6, 228, 201, 175, 213, 122, 248, 247, 102, 150, 66, 110, 219, 109, 188, 69, 68, 152, 179, 19, 4, 224, 191, 189, 160, 91, 138, 250, 184, 61, 100, 101, 115, 186, 207, 38, 173, 32, 243, 21, 192, 204, 236, 13, 181, 8, 232, 64, 230, 162, 89, 76, 65, 44, 206, 50, 20, 157, 51, 31, 149, 220, 121, 167, 132, 35]
[179, 124, 26, 154, 77, 74, 143, 201, 30, 195, 158, 65, 193, 56, 187, 233, 145, 135, 235, 155, 212, 181, 152, 241, 126, 15, 200, 69, 4, 93, 165, 100, 48, 148, 60, 121, 62, 70, 134, 87, 188, 23, 130, 92, 13, 194, 16, 12, 228, 168, 182, 38, 58, 113, 229, 129, 6, 153, 196, 144, 230, 112, 71, 41, 141, 169, 226, 167, 142, 98, 25, 55, 103, 34, 39, 19, 79, 224, 82, 180, 172, 81, 244, 186, 73, 149, 20, 21, 137, 115, 84, 107, 183, 89, 219, 243, 32, 64, 206, 37, 217, 24, 223, 105, 208, 150, 83, 22, 250, 114, 221, 127, 131, 175, 199, 11, 14, 162, 2, 18, 108, 90, 80, 225, 116, 49, 246, 119, 234, 197, 214, 45, 104, 198, 215, 216, 140, 237, 68, 29, 27, 111, 184, 42, 0, 213, 178, 177, 227, 157, 3, 240, 136, 52, 88, 173, 242, 176, 118, 204, 35, 53, 132, 160, 120, 239, 190, 174, 171, 78, 76, 46, 123, 54, 248, 191, 151, 133, 156, 31, 125, 17, 95, 210, 94, 91, 139, 63, 161, 128, 207, 189, 36, 209, 66, 170, 222, 1, 97, 33, 138, 232, 8, 166, 185, 96, 147, 245, 51, 86, 159, 203, 44, 231, 117, 67, 50, 102, 61, 59, 7, 75, 109]
[92, 122, 54, 74, 248, 111, 2, 245, 129, 226, 210, 90, 128, 227, 141, 51, 142, 11, 14, 243, 104, 66, 204, 179, 137, 9, 16, 149, 22, 127, 144, 216, 167, 123, 171, 250, 151, 172, 33, 139, 85, 75, 207, 201, 213, 161, 98, 23, 119, 178, 163, 70, 115, 15, 110, 180, 30, 205]
[142, 225, 242, 149, 141, 139, 77, 114, 52, 6, 179, 211, 48, 26, 13, 87, 10, 94, 143, 137, 204, 24, 165, 249, 196, 187, 129, 151, 2, 83, 215, 0, 199, 203, 239, 8, 167, 53, 4, 109, 34, 27, 45, 195, 19, 35, 117, 208, 106, 62, 46, 136]
[164, 39, 176, 206, 205, 201, 61, 196, 140, 195, 84, 236, 199, 215, 83, 41, 185, 42, 98, 13, 100, 38, 246, 237, 89, 221, 35, 113, 99, 1, 95, 138, 200, 67, 65, 114, 37, 170, 188, 25, 96, 31, 234, 48, 171, 68, 72, 63, 57, 78, 168, 87, 133, 219, 17, 14, 49, 115, 235, 34, 198, 137, 56, 214, 92, 167, 165, 161, 151, 187, 220, 136, 248, 106, 11, 44, 116, 162, 40, 73, 175, 55, 209, 158, 64, 197, 193, 21, 146, 228, 143, 159, 227, 223, 82]
[113, 231, 55, 10, 11, 157, 17, 183, 27, 68, 158, 195, 83, 196, 104, 193, 25, 37, 122, 54, 1, 175, 106, 171, 88, 236, 154, 211, 76, 219, 42, 125, 178, 198, 220, 150, 29, 188, 205, 232, 137, 114, 24, 129, 212, 185, 30, 151, 118, 203, 133, 132, 159, 128, 0, 51, 124, 235, 19, 207, 214, 204, 107, 12, 62, 20, 170, 218, 80, 2, 250, 91, 160, 70, 153, 230, 201, 28, 89, 59, 245, 148, 8, 18, 227, 4, 197, 60, 120, 41, 116, 233, 87, 14, 23, 161, 81, 36, 58, 71, 210, 179, 69, 180, 32, 246, 243, 199, 169, 182, 228, 66, 109, 162, 191, 77, 224, 46, 238, 241, 186, 112, 99, 127, 22, 216, 155, 56, 102, 208, 247, 145, 194, 240, 108, 200, 136, 119, 239, 184, 173, 95, 225, 237, 143, 79, 13, 131, 190, 48, 222, 123, 166, 7, 90, 6, 140, 213, 101, 163, 38, 47, 244, 43, 9, 168, 49, 72, 65, 134, 16, 44, 40, 96, 57, 93, 206, 172, 73, 5, 147, 209, 103, 115]
[75, 162, 36, 189, 71, 127, 6, 12, 88, 181, 59, 85, 68, 92, 27, 30, 174, 25, 52, 97, 62, 61, 16, 66, 55, 0, 205, 207, 144, 244, 98, 175, 31, 229, 26, 203, 227, 76, 50, 103, 109, 146, 135, 130, 60, 199, 165, 188, 54, 56, 113, 87, 64, 20, 211, 51, 22, 123, 93, 164, 48, 72, 177, 67, 28, 108, 156, 157, 114, 136, 101, 128, 137, 190, 170, 166, 78, 197, 178, 94, 112, 180, 161, 13, 141, 44, 23, 33, 3, 215, 242, 236, 247, 69, 249, 191, 77, 117, 118, 53, 49, 145, 80, 35, 138, 230, 198, 102, 152, 74, 220, 133, 147, 65, 14, 184, 231, 11, 222, 250, 42, 208, 224, 95, 149, 228, 169, 163, 116, 226, 186, 15, 214, 84, 73, 176, 183, 218, 153, 187, 248, 235, 173, 100, 139, 168, 158, 142, 86, 9, 89, 32, 24, 233, 8, 106, 143, 7, 122, 232, 200, 160, 217, 241, 238, 79, 63, 245, 58, 39, 105, 82, 45, 194, 240, 195, 19, 171, 46, 201, 96, 1, 206, 111, 18, 99, 150, 213, 131, 47, 202, 91, 70, 120, 43, 148, 21, 243, 192, 57, 132, 209, 234, 38, 151, 115, 159, 210, 204, 2, 140, 216, 104, 225, 221, 223, 4, 182, 107, 237, 126, 90, 172, 246, 154, 196, 124, 167, 125, 134, 119]
[180, 100, 131, 169, 71, 39, 236, 104, 182, 88, 191, 219, 19, 250, 124, 207, 185, 137, 121, 218, 17, 91, 230, 199, 152, 177, 163, 138, 80, 45, 238, 61, 81, 127, 202, 166, 65, 228, 1, 55, 83, 168, 47, 172, 246, 101, 41, 244, 27, 247, 115, 105, 117, 58, 224, 95, 204, 216, 190, 26, 0, 237, 82, 155, 9, 132, 120, 21, 149, 179, 201, 60, 102, 98, 75, 64, 147, 233, 217, 231, 133, 183, 87, 192, 6, 73, 119, 181, 42, 96, 128, 212, 34, 52, 239, 5, 108, 226, 99, 176, 38, 159, 31, 57, 92, 111, 193, 66, 2, 51, 242, 43, 197, 90, 13, 86, 171, 248, 109, 134, 167, 229, 114, 187, 18, 129, 130, 23, 165, 97, 54, 249, 32, 241, 84, 213, 37, 22, 106, 243, 164, 221, 162, 232, 196, 30, 116, 211, 24, 107, 227, 35, 118, 25, 142, 125, 126, 205, 50, 194, 136, 77, 158, 157, 153, 110, 20, 214, 222, 122, 195, 210, 209, 173, 220, 94, 234, 170, 89, 178]
[38, 70, 239, 129, 215, 170, 55, 49, 32, 207, 168, 53, 224, 77, 104, 90, 15, 119, 50, 218, 250, 133, 182, 46, 148, 33, 68, 187, 240, 219, 233, 246, 208, 206, 178, 154, 31, 99, 220, 111, 163, 89, 127, 88, 151, 43, 152, 58, 72, 96, 135, 165, 37, 237, 124, 28, 128, 101, 114, 1, 94, 29, 223, 95, 11, 210, 65, 67, 92, 107, 140, 56, 8, 19, 197, 123, 146, 82, 26, 0, 164, 158, 200, 216, 247, 221, 203, 191, 249, 155, 78, 42, 48, 74, 139, 231, 5, 194, 190, 80, 45, 122, 230, 185, 198, 243, 147, 73, 69, 105, 97, 236, 36, 117, 52, 172, 118, 196, 235, 40, 120, 109, 167, 116, 188, 143, 217, 180, 136, 138, 24, 60, 166, 3, 141, 20, 195, 179, 71, 173, 18, 17, 161, 145, 175, 177, 27, 16, 176, 108, 244, 222, 211, 134, 44, 214, 12, 100, 35, 21, 192, 7, 212, 205, 162, 110, 150, 4, 232, 234, 81, 149, 22, 14, 181, 85, 132, 9, 156, 174, 112, 241, 242, 225, 229, 227, 209, 169, 66, 13, 126, 238, 193, 130, 59, 183, 115, 91, 86, 201, 202, 213, 121, 54, 62, 189, 41, 113, 204, 137, 186, 63, 184, 84, 131, 39, 93, 245, 57, 75, 159, 34, 25]
[104, 42, 20, 197, 112, 239, 65, 107, 134, 12, 194, 0, 124, 208, 127, 45, 73, 126, 75, 102, 131, 69, 135, 216, 167, 227, 101, 150, 217, 138, 35, 119, 250, 145, 238, 240, 164, 136, 82, 78, 67, 204, 232, 57, 177, 190, 226, 172, 111, 188, 249, 14, 92, 81, 214, 137, 94, 48, 49, 228, 6, 46, 125, 140, 97, 201, 5, 47, 93, 54, 149, 235, 196, 176, 68, 22, 139, 198, 117, 60, 103, 183, 160, 159, 53, 237, 144, 110, 156, 26, 58, 153, 64, 242, 114, 27, 63, 206, 213, 192, 179, 83, 168, 182, 16, 2, 36, 86, 161, 236, 70, 163, 219, 152, 220, 148, 62, 141, 80, 66, 87, 105, 106, 43, 108, 218, 52, 23, 158, 210, 128, 174, 24, 21, 154, 11, 193, 248, 90, 84, 157, 132, 91, 98, 211, 109, 13, 186, 19, 28, 171, 165, 123, 243, 215, 231, 50, 129, 245, 56, 233, 40, 147, 199, 32, 34, 230, 133, 41, 4, 181, 25, 142, 44, 229, 115, 51, 195, 8, 31, 121, 212, 118, 143, 37, 189, 89, 185, 175, 180, 170, 209, 224, 169]
[183, 122, 100, 21, 141, 181, 118, 27, 225, 102, 243, 205, 43, 249, 129, 114, 87, 156, 213, 234, 241, 112, 101, 75, 15, 64, 94, 247, 107, 120, 39, 5, 93, 236, 62, 131, 78, 7, 229, 73, 173, 65, 149, 70, 56, 202, 153, 37, 206, 245, 194, 50, 25, 170, 221, 169, 154, 155, 220, 30, 242, 244, 177, 137, 20, 197, 36, 4, 250, 232, 176, 157, 45, 151, 127, 163, 42, 80, 103, 48, 68, 174]
[230, 235, 114, 238, 17, 226, 57, 108, 198, 133, 247, 59, 131, 168, 161, 213, 143, 196, 113, 167, 92, 175, 32, 2, 145, 106, 8, 63, 200, 229, 187, 153, 157, 146, 70, 237, 71, 36, 33, 154, 72, 62, 51, 152, 177, 60]
[118, 63, 241, 39, 197, 105, 201, 59, 126, 134, 204, 135, 137, 198, 40, 239, 233, 226, 119, 165, 10, 160, 32, 17, 224, 139, 8, 31, 136, 70, 174, 124, 247, 181, 234, 217, 93, 90, 2, 37, 64, 162, 128, 11, 101, 9, 152, 191, 195, 143, 36, 189, 209, 95, 130, 30, 54, 41, 188, 14, 145, 186, 127, 38, 81, 107, 96, 57, 115, 3, 44, 125, 85, 75, 202, 166, 88, 147, 231, 179, 25, 225, 237, 77, 80, 97, 151, 79, 116, 121, 123, 21, 5, 28, 208, 163, 74, 65, 210, 82, 129, 205, 221, 159, 43, 243, 211, 171, 4, 212, 92, 242, 190, 22, 98, 106, 83, 20, 140, 42, 180, 172, 67, 45, 109, 167, 24, 71, 99, 50, 48, 169, 131, 141, 185, 192, 66, 12, 249, 168, 27, 7, 91, 78, 47, 113, 52, 218, 142, 60, 153, 244, 246, 68, 56, 26, 35, 94, 16, 235, 250, 175, 122, 157, 89, 176, 73, 87, 55, 23, 184, 62, 196, 150, 19, 158, 199, 164, 18, 155, 51, 103, 230, 238, 6, 220, 219, 194, 133, 187, 200, 173, 102, 149, 49, 104, 34, 72, 15, 120, 229, 236, 228, 69, 183, 170, 223, 182, 108, 58]
[157, 5, 238, 39, 131, 105, 195, 18, 121, 185, 42, 49, 89, 68, 70, 206, 163, 51, 154, 233, 143, 194, 223, 156, 29, 76]
[163, 116, 15, 130, 235, 244, 206, 0, 97, 77, 100, 64, 218, 78, 38, 10, 180, 111, 208, 201, 228, 112, 178, 62, 42, 203, 172, 81, 63, 232, 249, 183, 19, 171, 230, 94, 91, 5, 74, 48, 250, 69, 229, 70, 71, 131, 109, 73, 58, 17, 27, 164, 173, 37, 150, 146, 96, 55, 53, 140, 152, 144, 85, 199, 220, 143, 236, 204, 125, 219, 177, 145, 57, 76, 138, 192, 132, 13, 21, 211, 222, 197, 169, 226, 162, 80, 170, 243, 213, 217, 114, 127, 68, 234, 90, 151, 154, 245, 23, 89, 110, 103, 188, 141, 161, 231, 92, 60, 182, 26]
[28, 67, 39, 145, 158, 20, 164, 33, 150, 195, 153, 41, 91, 56, 10, 250, 90, 112, 40, 137, 203, 24, 71, 190, 105, 26, 86, 245, 122, 65, 25, 12, 34, 202, 84, 93, 206, 9, 68, 160, 96, 154, 161, 120, 152, 188, 123, 167, 60, 118, 146, 121, 82, 213, 247, 83, 30, 151]
[]
[30, 8, 140, 51, 43, 54, 239, 130, 212, 19, 174, 152, 138, 42, 94, 74, 3, 102, 235, 186, 209, 151, 46, 15, 49, 22, 161, 156, 198, 16, 187, 18, 194, 193, 159, 211, 57, 218, 117, 82, 83, 181, 144, 139, 217, 148, 242, 77, 247, 86, 233, 116, 229, 245, 177, 238, 50, 128, 14, 4, 236, 157, 202, 171, 9, 88, 207, 136, 185, 90, 104, 153, 17, 141, 146, 110, 192, 79, 122, 220, 76, 33, 7, 70, 5, 158, 87, 95, 1, 221, 225, 6, 75, 160, 196, 164, 2, 72, 23, 24, 240]
[115, 160, 177, 38, 135, 33, 162, 112, 104, 176, 60, 187, 50, 205, 163, 172, 195, 143, 169, 81, 34, 155, 134, 114, 173, 237, 202, 180, 20, 29, 221, 161, 246, 214, 137, 111, 191, 98, 131, 80, 199, 108, 190, 72, 227, 182, 119, 216, 21, 128, 79, 62, 141, 124, 67, 48, 103, 156, 133, 166, 40, 26, 22, 51, 101, 23, 36, 126, 197, 2, 196, 49, 234, 171, 125, 130, 165, 55, 239, 59, 240, 242, 194, 102, 226, 56, 123, 19, 7, 68, 159, 218, 61, 93, 220, 25, 244, 153, 122, 151, 35]
[83, 219, 81, 152, 245, 207, 175, 5, 186, 156, 104, 137, 26, 30, 79, 132, 214, 205, 142, 167, 89, 238, 183, 58, 160, 222, 82, 78, 168, 237, 92, 227, 194, 178, 73, 11, 159, 64, 138, 80, 29, 62, 139, 239, 131, 95, 244, 141, 33, 41, 230, 110, 93, 111, 247, 149, 98, 68]
[159, 140, 5, 179, 135, 168, 173, 94, 56, 137, 126, 96, 116, 89, 42, 182, 169, 191, 183, 111, 129, 34, 175, 121, 164, 12, 77, 192, 190, 68, 118, 9, 29, 226, 220, 197, 103, 235, 158, 67, 124, 14, 7, 177, 6, 144, 119, 156, 27, 58, 238, 15, 160, 245, 54, 79, 195, 167, 239, 123, 136, 241, 240, 13, 95, 109, 31, 246, 114, 222, 70, 23, 32, 131, 100, 47, 205, 147, 184, 211, 63, 231, 78, 210, 209, 17, 21, 154, 106, 234, 242, 115, 85, 157, 237, 120, 189, 117, 76, 228, 66, 201, 146, 151, 233, 102, 99, 8, 186, 206, 46, 60, 128, 71, 185, 86, 72, 44, 92, 198, 48, 143, 188, 69, 152, 105, 244, 162, 25, 174, 150, 4, 130, 53, 166, 161, 37, 20, 250, 204, 139, 82, 11, 224, 35, 165, 110, 88, 16, 19, 62, 22, 148, 1, 45, 65, 214, 132, 52, 2, 24, 229, 230, 30, 90, 208, 142, 91, 212, 38, 225, 50]
[24, 65, 70, 164, 165, 102, 239, 53, 178, 161, 112, 22, 82, 173, 186, 191, 170, 188]
[90, 80, 26, 158, 161, 2, 221, 30, 243, 185, 190, 248, 20, 126, 226, 55, 163, 58, 148, 154, 238, 175, 201, 52, 214, 104, 180, 42, 219, 209, 192, 244, 234, 41, 193, 91, 151, 34, 235, 1, 61, 189, 132, 78, 5, 8, 225, 222, 111, 140, 116, 66, 138, 69, 73, 217, 167, 4, 110, 171, 144, 197, 87, 187, 70, 164, 0, 224, 29, 17, 237, 71, 79, 62, 98, 47, 50, 147, 96, 57, 227, 56, 129, 245, 72, 89, 107, 68, 94, 54, 152, 14, 28, 12, 13, 118, 35, 205, 177, 186, 10, 178, 127, 249, 215, 146, 85, 135, 114, 200, 155]
[96, 7, 246, 50, 69, 187, 191, 165, 123, 130, 100, 227, 143, 133, 231, 92, 207, 90, 200, 21, 141, 205, 70, 147, 125, 238, 155, 150, 105, 81, 182, 59, 119, 193, 57, 158, 49, 15, 64, 35, 41, 195, 177, 65, 42, 38, 112, 185, 25, 40, 154, 75, 61, 48, 27, 153, 87, 131, 106, 208, 97, 63, 72, 237, 244, 212, 247, 174, 118, 93, 101, 37, 84, 47, 216, 10, 43, 249, 211, 199, 144, 156, 1, 46, 173]
[207, 211, 0, 231, 23, 238, 76, 31, 74, 186, 153, 227, 121, 130, 142, 91, 27, 34, 190, 156, 210, 38, 138, 143, 191, 172, 89, 59, 101, 140, 149, 177, 19, 66, 110, 86, 11, 181, 234, 203, 72, 109, 120, 226, 13, 6, 184, 37, 232, 77, 212, 4, 102, 88, 39, 208, 133, 57, 79, 113, 196, 65, 94, 244, 145, 198, 9, 116, 7, 30, 248, 71, 225, 78, 104, 122, 21, 201, 134, 128, 209, 92, 223, 114, 82, 127, 25, 240, 33, 43, 95, 241, 182, 144, 68, 16, 237, 219, 239, 15, 35, 165, 197, 97, 176, 115, 108, 179, 125, 52, 178, 202, 12, 215, 70, 106, 250, 55, 45, 67, 228, 123, 164, 185, 42, 53, 24, 175, 132, 83, 158, 111, 56, 126, 81, 249, 173, 137, 154, 220, 36, 3, 245, 136, 64, 124, 84, 224, 199, 188, 218, 129, 99, 194, 200, 48, 157, 96, 235, 112, 100, 148, 117, 152, 229, 26, 63, 243, 14, 90, 135, 151, 167, 189, 146, 171, 163, 222, 119, 155, 80, 46, 150, 230, 47, 58, 51, 242, 160, 62, 170, 236, 180, 28, 166, 118, 2, 204, 93, 8, 187, 1, 60, 183, 161, 87, 131, 193, 54, 174, 159, 61, 44, 18, 168, 233]
[189, 211, 38, 180, 110, 52, 196, 147, 184, 22, 55, 177, 159, 187, 57, 95, 114, 155, 20, 170, 128, 3, 78, 213, 194, 126, 242, 4, 51, 32, 247, 129, 165, 190, 131, 160, 14, 161, 241, 92, 79, 249, 250, 125, 34, 35, 1, 195, 10, 197, 141, 181, 124, 179, 25, 63, 210, 47, 240, 58, 85, 82, 225, 236, 75, 94, 116, 227, 31, 103, 29, 198, 28, 205, 88, 127, 132, 109, 168, 163, 244, 243, 68, 65, 217, 130, 93, 215, 99, 224, 122, 62, 172, 185, 134, 53, 154, 50, 228, 121, 9, 117, 83, 237, 71, 118, 44, 219, 46]
[72, 228, 209, 28, 9, 182, 195, 75, 232, 117, 154, 71, 95, 219, 188, 51, 249, 208, 58, 152, 70, 43, 250, 145, 198, 15, 186, 49, 26, 149, 207, 39, 115, 230, 116, 103, 199, 50, 73, 27, 222, 138, 166, 5, 128, 124, 184, 65, 144, 118, 81, 224, 77, 163, 112, 1, 243, 201, 85, 238, 57, 91, 25, 46, 242, 177, 20, 175, 22, 156, 147, 241, 206, 44, 92, 67, 14, 167, 187, 35, 227, 200, 174, 225, 158, 37, 121, 41, 126, 148, 96, 192, 7, 179, 202, 221, 18, 102, 11, 164, 234, 150, 229, 151, 137, 99, 107, 63, 223, 131, 106, 236, 165, 153, 6, 168, 30, 231, 210, 189, 53, 19, 0, 123]
[190, 203, 204, 36, 89, 236, 153, 174, 14, 182, 249, 13, 66, 158, 250, 220, 92, 165, 0, 42, 136, 120, 151, 129, 8, 141, 43, 56, 188, 127, 21, 191, 226, 94, 108, 169, 118, 51, 160, 131, 112, 78, 140, 193, 239, 64, 83, 85, 99, 244, 17, 242, 221, 233, 41, 142, 22, 201, 47, 196, 45, 54, 211, 58, 218, 121, 65, 37, 33, 20, 150, 63, 170, 91, 71, 216, 122, 130, 30, 12, 19, 114, 172, 80, 235, 149, 90, 243, 229, 154, 132, 48, 23, 173, 246, 206, 162, 10, 72, 135, 113, 123, 75, 186, 134, 82, 234, 168, 146, 73, 4, 175, 105, 212, 176, 3, 95, 245, 61, 55, 59, 156, 223, 46, 205, 138, 159, 68, 101, 163, 25, 152, 232, 102, 32, 219, 38, 62, 237, 7, 227, 194, 145, 86, 184, 29, 126, 195, 247, 52, 67, 180, 197, 181, 97, 76, 70, 240, 9, 49, 178, 84, 69, 238, 103, 144, 209, 26, 27, 217, 137, 106, 31, 53, 96, 192, 198, 100, 40, 2, 128, 116, 6, 77, 224, 230]
[135, 41, 175, 90, 50, 47, 198, 148, 34, 12, 237, 212, 6, 68, 247, 165, 100, 243, 45, 248, 38, 232, 250, 105, 213, 202, 62, 32, 214, 82, 152, 186, 173, 63, 132, 26, 19, 210, 225, 191, 125, 36, 110, 181, 57, 244, 87, 228, 48, 98, 61, 77, 158, 52, 239, 115, 133, 182, 187, 25, 23, 46, 4, 120, 224, 204, 104, 94, 174, 106, 44, 137, 234, 33, 2, 227, 27, 7, 81, 84, 155, 102, 235, 17, 188, 128, 226, 69, 112, 231, 129, 140, 161, 89, 157, 118, 170, 221, 75, 146, 73, 230, 66, 65, 156, 167, 143, 72, 178, 134, 31, 208, 199, 141, 40, 8, 93, 9, 124, 127, 3, 136, 70, 51, 223, 236, 108, 215]
[39, 104, 217, 235, 179, 157, 164, 21, 46, 130, 161, 189, 122, 13, 208, 117, 53, 220, 167, 198, 215, 232, 201, 183, 2, 29, 22, 101, 14, 237, 15, 214, 138, 148, 30, 128, 8, 207, 186, 12, 150, 246, 221, 44, 213, 243, 233, 42, 85, 27, 191, 68, 67, 162, 222, 181, 173, 178, 50, 51, 238, 18, 145, 7, 196, 28, 61, 118, 250, 62, 204, 151, 80, 115, 168, 211, 76, 135, 86, 79, 96, 97, 172, 63, 88, 216, 240, 32, 38, 197, 136, 57, 82, 111, 120, 94, 84, 188, 129, 206, 200, 109, 171, 121]
[249, 128, 12, 38, 14, 142, 248, 68, 55, 159, 181, 124, 5, 148, 190, 87, 168, 250, 214, 113, 151, 178, 32, 167, 1, 155, 71, 173, 204, 182, 206, 163, 237, 115, 225, 96, 186, 196, 108, 217, 166, 29, 192, 60, 74, 209, 75, 86, 212, 176, 24, 70, 230, 85, 27, 131, 133, 220, 164, 18, 153, 241, 170, 47, 197, 172, 193, 119, 228, 28, 189, 149, 40, 134, 242, 177, 0, 66, 139, 36, 83, 140, 52, 104, 109, 157, 46, 106, 224, 122, 111, 117, 158, 31, 213, 26, 44, 10, 58, 232, 88, 35, 22, 50, 223, 144, 4, 238, 76, 90, 201, 203, 229, 130, 6, 72, 93, 137, 98, 20, 195, 77, 185, 89, 226, 30, 191, 67, 39, 34, 207, 112, 99, 188, 234, 125, 211, 202, 162, 156, 54, 246, 219, 48, 84, 245, 17, 15, 114, 8, 129, 80, 42, 145, 216, 41, 25, 13, 78, 116, 200, 227, 199, 23, 2, 165, 95, 231, 19, 49, 7, 243, 141, 21, 235, 169, 183, 64, 208, 59, 16, 147, 51, 180, 184, 9, 233, 210, 103, 160, 121, 45, 132, 33, 240, 171, 82, 56, 63, 11, 37, 175, 73, 81, 218, 3, 136, 135, 65, 100, 236, 97, 161, 247, 222, 146, 244, 62, 120, 123, 102, 57, 152, 239, 43, 215, 110, 79, 221, 92, 105, 154]
[77, 197, 24, 35, 138, 63, 112, 185, 4, 120, 42, 82, 0, 90, 199, 178, 221, 153, 234, 127, 107, 210, 216, 246, 167, 100, 182, 74, 186, 108, 214, 56, 22, 109, 187, 144, 184, 25, 204, 11, 131, 163, 206, 44, 102, 223, 142, 29, 81, 26, 103, 211, 14, 117, 212, 104, 172, 116, 133, 105, 87, 205, 169, 125, 168, 2, 91, 68, 233, 159, 123, 231, 147, 110, 155, 217, 45, 60, 225, 146, 188, 80, 15, 241, 54, 57, 12, 67, 17, 37, 122, 20, 240, 79, 111, 32, 23, 10, 170, 244, 200, 180, 62, 213, 179, 219, 95, 16, 229, 215, 30, 51, 237, 249, 86, 176, 193, 64, 220, 65, 242, 78, 239, 196, 1, 31, 9, 84, 6, 88, 113, 48, 218, 247, 245, 226]
[110, 153, 20, 26, 0, 51, 246, 176, 224, 16, 91, 177, 152, 127, 29, 113, 102, 68, 236, 89, 212, 112, 151, 228, 247, 189, 171, 186, 158, 147, 217, 73, 36, 173, 57, 139, 31, 80, 154, 13, 71, 241, 114, 124, 138, 188, 178, 137, 85, 38, 100, 54, 202, 191, 220, 98, 230, 76, 75, 92, 245, 196, 115, 118, 181, 82, 47, 187, 39, 155, 121, 249, 69, 40, 123, 61, 234, 167, 144, 86, 221, 74, 59, 19, 103, 106, 122, 63, 215, 83, 205, 101, 12, 34, 148, 180, 132, 109, 9, 199, 117, 49, 104, 77]
[14, 105, 165, 206, 193, 19, 222, 239, 60, 61, 108, 236, 235, 104, 66, 68, 114, 18, 192, 90, 45, 187, 97, 246, 51, 46, 204, 41, 199, 130, 54, 72, 42, 23, 159, 170, 191, 79, 88, 208, 2, 214, 150, 247, 25, 171, 148, 123, 31, 111, 169, 115, 136, 7, 223, 15, 156, 43, 70, 163, 243, 233, 57, 157, 110, 126, 121, 118, 84, 217, 10, 33, 168, 198, 215, 82, 154, 62, 161, 241, 26, 71, 49, 242, 78, 120, 228, 93, 188, 52, 203, 140, 232, 113, 151]
[191, 19, 69, 173, 153, 202, 138, 111, 230, 193, 125, 94, 137, 4, 105, 238, 212, 187, 146, 237, 215, 1, 2, 164, 66, 168, 165, 99, 219, 242, 87, 124, 6, 128, 62, 151, 61, 130, 72, 14, 248, 127, 36, 181, 109, 55, 28, 81, 106, 227, 180, 63, 229, 198, 91, 102, 239, 204, 17, 98, 100, 90, 76, 171, 126, 207, 243, 25, 162, 51, 33, 64, 145, 134, 34, 118, 92, 142, 35, 136, 5, 11, 75, 144, 97]
[203, 149, 85, 99, 223, 34, 32, 159, 184, 141, 249, 2, 242, 77, 248, 30, 156, 225, 122, 199, 62, 61, 238, 195, 19, 73, 228, 31, 200, 105, 163, 214, 134, 80, 60, 121, 169, 176, 250, 119, 221, 76, 10, 182, 140, 15, 205, 139, 193, 244, 215, 186, 26, 138, 101, 146, 135, 111, 162, 187, 112, 172, 175, 167, 108, 152, 57, 128, 219, 53, 220, 75, 40, 86, 218, 188, 178, 241, 190, 217, 5, 133, 222, 20, 98, 233, 136, 103, 93, 132, 33, 239, 46, 142, 47, 64, 235, 179, 160, 56, 234, 36, 173, 123, 120, 48]
[230, 234, 39, 133, 24, 67, 37, 26, 65, 46, 144, 220, 109, 56, 165, 104, 7, 25, 11, 147, 202, 89, 246, 62, 210, 126, 219, 189, 137, 153, 235, 99, 200, 160, 167, 3, 124, 151, 35, 20, 72, 106, 209, 182, 173, 43, 172, 83, 162, 236, 2, 96, 41, 0, 140, 216, 15, 57, 176, 179, 190, 13, 27, 145, 127, 247, 148, 193, 31, 207, 71, 52, 92, 108, 168, 198, 22, 64, 84, 192, 136, 129, 175, 94, 238, 45, 196, 241, 183, 19, 58, 86, 232, 66, 149, 156, 197, 222, 214, 185, 242, 47, 50, 171, 119, 184, 203, 114, 163, 82, 158, 6, 152, 221, 102, 195, 181, 85, 36, 177]
[82, 176, 125, 117, 239, 249, 67, 246, 139, 163, 226, 19, 154, 37, 123, 142, 215, 20, 38, 196, 230, 194, 156, 8, 58, 43, 57, 27, 183, 225, 135]
[31, 131, 201, 148, 223, 202, 98, 12, 147, 225, 127, 76, 221, 168, 73, 48, 149, 23, 153, 104, 175, 178, 239, 117, 46, 144, 95, 61, 71, 229, 230, 20, 216, 125, 152, 34, 78, 82, 67, 174, 93, 118, 50, 25, 54, 173, 108, 89, 6]
[151, 230, 17, 76, 155, 186, 145, 246, 160, 109, 227, 68, 111, 203, 162, 136, 247, 222, 167, 32, 2, 204, 39, 12, 87, 102, 27, 147, 19, 107, 57, 146, 33, 218, 11, 22, 86, 71, 150, 207, 42, 123, 209, 91, 132, 58, 35, 237, 56, 67, 37, 180, 124, 196, 40, 34, 126, 131, 41, 231, 153, 36, 120, 15, 64, 223, 202, 238, 190, 50, 133, 149, 31, 200, 178, 234, 219, 46, 154, 249, 73, 185, 225, 95, 28, 193, 7, 201, 171, 159, 62, 187, 134, 224, 60, 90, 5, 24, 45, 61, 197, 77, 206, 250, 192, 169, 142, 23, 194, 103, 176, 84, 216, 183, 26, 221, 108, 121, 70, 143, 100, 129, 55, 241, 82, 79, 191, 144, 172, 74, 157, 184, 199, 119, 189, 140, 205, 182, 0, 113, 6, 10, 242, 104, 29, 168, 66, 137, 128, 130, 80, 173, 248, 13, 96, 18, 21, 38, 1, 166, 51, 105, 125, 220, 135, 148, 20, 30, 8, 233, 72, 226, 213, 215, 211, 239, 164, 43, 177, 63, 110, 175, 106, 14, 59, 198, 88, 44, 240, 85, 228, 115, 98, 170, 208, 181, 4, 214, 245, 165, 93, 122, 163, 243, 138, 235, 244, 65, 114, 25, 89, 52, 112, 139, 236, 158, 47, 54, 75, 156, 232, 16, 118, 49, 81, 99, 195, 48, 101, 127]
[245, 150, 100, 110, 21, 105, 115, 32, 205, 211, 3, 67, 68, 119, 180, 59, 30, 236, 38, 185, 230, 184, 54, 56, 248, 195, 83, 80, 75, 42, 26, 41, 124, 212, 177, 237, 179, 37, 206, 57, 223, 70, 120, 147, 228, 214, 134, 133, 129, 218, 92, 164, 132, 165, 182, 145, 209, 114, 202, 167, 96, 25, 241, 196, 24, 198, 117, 191, 45, 220, 229, 69, 7, 121, 225, 112, 215, 64, 74, 113, 201, 204, 111, 11, 142, 29, 50, 155, 152, 161, 2, 78, 49, 130, 48, 192, 249, 200, 246, 216, 31, 116, 203, 238, 210, 131, 159, 10, 137, 60, 118, 197, 144, 86, 55, 6, 227, 66, 149, 107, 13, 163, 65, 44, 122, 207, 151, 172, 171, 61, 247, 154, 219, 190, 43, 101, 213, 106, 34, 175, 141, 77, 97, 88, 22, 125, 46, 20, 71, 174, 82, 33, 36, 89, 138, 140, 98, 4, 63, 169, 166, 157]
[118, 56, 31, 107, 75, 193, 231, 159, 29, 123, 228, 234, 6, 45, 153, 205, 250, 17, 240, 92, 60, 36, 198, 222, 195, 130, 127, 247, 209, 189, 249, 34, 137, 47, 87, 177, 226, 208, 5, 180, 126, 90, 72, 152, 218, 183, 181, 140, 22, 220, 168, 149, 97, 71, 179, 131, 91, 212, 106, 88, 162, 160, 98, 196, 23, 239, 248, 55, 4, 136, 241, 102, 28, 114, 101, 52, 155, 125, 129, 207, 76, 38, 49, 233, 229, 32, 201, 163, 154, 84, 81, 139, 21, 146, 203, 44, 48, 167, 83, 19, 8, 69, 41, 14, 176, 115, 175, 79, 182, 50, 7, 119, 120, 9, 93, 20, 236, 210, 227, 134, 96, 111, 178, 103, 217, 100, 78, 148, 156, 166, 197, 173, 40, 59, 245, 12, 108, 141, 104, 112, 158, 172, 105, 128, 15, 30, 242, 18, 70, 64, 95, 184, 11, 16, 27, 186, 26, 57, 138, 74, 122, 187, 94, 150, 133, 143, 113, 24, 219, 85, 82, 191, 215, 164, 200, 68, 170, 204]
[153, 170, 64, 81, 8, 213, 85, 190, 9, 242, 53, 152, 173, 126, 10, 188, 180, 32, 78, 239, 128, 68, 165, 231, 1, 210, 87, 228, 44, 183, 99, 79, 82, 219, 171, 54, 224, 70, 61, 177, 221, 38, 156, 17, 103, 172, 58, 71, 41, 220, 102, 246, 216, 121, 83, 145, 0, 65, 94, 151, 237, 88, 181, 67, 107, 244, 3, 2, 164, 234, 143, 60, 176, 56, 18, 40, 142, 73, 241, 125, 191, 232, 117, 47, 100, 134, 14, 16, 214, 90, 42, 116, 161, 46, 187, 148, 249, 33, 49, 36, 21, 137, 37, 108, 50, 96, 111, 223, 135, 209, 147, 48, 92, 233, 140, 167, 168, 119, 227, 25, 154, 163, 27, 212, 110, 113, 43, 184, 55, 106, 178, 28, 225, 52, 230, 175, 159, 179, 127, 45, 31, 13, 104, 139, 35, 248, 150, 195, 207, 34, 120, 22, 204, 115, 198, 202, 130, 131, 19, 80, 95, 123, 89, 39, 162, 129, 141, 206, 235, 112, 189, 201, 205, 77, 7, 114, 138, 5, 4, 66, 197, 63, 243, 146, 229, 122, 200, 132, 160, 57, 101, 174, 15, 185, 136, 133, 124, 97, 193, 236, 93, 26, 6, 194, 75, 217, 196, 30, 211, 215, 105, 149, 76, 74, 222, 238, 166, 24, 157, 245, 169, 20, 203, 199, 59, 91, 23, 86, 51, 11, 12, 250, 29, 247, 182, 155, 118, 240, 84, 186, 109]
[239, 82]
[110, 84, 105, 177, 202, 72, 179, 101, 143, 185, 53, 42, 219, 92, 89, 17, 190, 186, 133, 127, 167, 32, 193, 164, 10, 85, 249, 240, 19, 118, 247, 156, 142, 86, 137, 94, 212, 242, 61, 31, 184, 168, 227, 195, 64, 197, 1, 48, 2, 75, 136, 235, 103, 22, 8, 30, 150, 144, 148, 237, 213, 104, 93, 134, 149, 20, 203, 171, 141, 218, 113, 138, 27, 165, 16, 51, 223, 100, 70, 95, 24, 166, 21, 216, 158, 124, 33, 234, 35, 229, 46, 66, 125, 243, 123, 200, 26, 236, 74, 189, 49, 162, 180, 58, 67, 174, 152, 225, 161, 41, 210, 239, 183, 221, 122, 145, 175, 199, 192, 154]
[223, 153, 221, 139, 56, 31, 164, 220, 161, 95, 113, 215, 208, 82, 63, 101, 157, 160, 119, 177, 244, 62, 58, 117, 91, 39, 209, 232, 118, 217, 16, 238, 171, 249, 166, 83, 193, 194, 81, 231, 52, 47, 107, 67, 74, 145, 183, 199, 70, 122, 50, 165, 176, 197, 128, 2, 44, 246, 43, 121, 229, 13, 129, 27, 149, 37, 170, 243, 115, 196, 17, 130, 15, 140, 59, 205, 66, 218, 99, 7, 18, 73, 103, 204, 186, 240, 141, 214, 135, 168, 102, 87, 181, 189, 4, 79, 158, 250, 228, 88, 111, 84, 190, 24, 10, 21, 147, 226, 184]
